0 0.39749999999999996 0.7697 0.19624999999999998 0.458724
0 0.509375 0.8006565 0.40625 0.396811
0 0.6528125 0.75985 0.693125 0.47842399999999996
0 0.370625 0.47420249999999997 0.05499999999999999 0.20544099999999998
0 0.543125 0.686679 0.08499999999999996 0.234522
0 0.6446875000000001 0.7012195 0.229375 0.282365
0 0.593125 0.616323 0.04875000000000007 0.15572200000000003
0 0.629375 0.5848964999999999 0.050000000000000044 0.10037499999999999
0 0.848125 0.7678235 0.3025 0.462477
0 0.753125 0.664634 0.06375000000000008 0.17542200000000008
