0 0.0228125 0.1729115 0.045625 0.16471500000000003
0 0.063125 0.494145 0.12625 0.7462920000000001
0 0.15468749999999998 0.566354 0.265625 0.86573
0 0.12937500000000002 0.197892 0.10500000000000001 0.16315400000000002
0 0.2553125 0.2107725 0.05937499999999998 0.20608900000000002
0 0.38656250000000003 0.4348165 0.18937500000000002 0.836847
0 0.4465625 0.551913 0.30937499999999996 0.885246
0 0.5184375 0.2591725 0.08812500000000001 0.204527
0 0.624375 0.5550350000000001 0.15625 0.802498
0 0.8140625 0.5363 0.171875 0.693208
