0 0.24406250000000002 0.76454 0.136875 0.41650999999999994
0 0.589375 0.7528144999999999 0.8175 0.492495
0 0.2590625 0.8250470000000001 0.12437499999999999 0.342402
0 0.3259375 0.7654785 0.044375 0.242027
0 0.3809375 0.761726 0.078125 0.28142599999999995
0 0.435 0.717167 0.04500000000000004 0.17354599999999998
0 0.4809375 0.7523455 0.12437499999999996 0.377111
0 0.54875 0.8006565 0.20625 0.396811
0 0.68 0.7889305 0.14625 0.42026300000000005
0 0.8078125 0.7542215 0.17062499999999992 0.48968100000000003
0 0.773125 0.650094 0.05249999999999999 0.15384600000000004
