0 0.102344 0.8320315 0.204688 0.332813
0 0.11249999999999999 0.605469 0.062499999999999986 0.09843800000000003
0 0.1570315 0.5570315 0.101563 0.13281300000000007
0 0.196875 0.7132815 0.07500000000000001 0.25781300000000007
0 0.2179685 0.5328120000000001 0.06406300000000001 0.09999999999999998
0 0.25625 0.7828125 0.13125000000000003 0.36875100000000005
0 0.25625 0.5570315 0.06875000000000003 0.09218700000000002
0 0.27265649999999997 0.491406 0.04218700000000003 0.05156199999999994
0 0.29765600000000003 0.5632815 0.054688000000000014 0.11406300000000003
0 0.34062499999999996 0.754688 0.1375 0.38749999999999996
0 0.3109375 0.4898435 0.04062499999999997 0.03281299999999998
0 0.392969 0.802344 0.17031200000000002 0.3921880000000001
0 0.339063 0.5085934999999999 0.03125 0.07031299999999996
0 0.357812 0.521094 0.04999999999999999 0.082812
0 0.37109400000000003 0.5640625 0.054688000000000014 0.059374999999999956
0 0.43671899999999997 0.609375 0.07656199999999996 0.20625000000000004
0 0.5328125 0.817188 0.16562499999999997 0.36250000000000004
0 0.4679685 0.48984400000000006 0.02968700000000002 0.04843800000000004
0 0.47890599999999994 0.585156 0.04531199999999996 0.15781200000000006
0 0.504687 0.5210935 0.03125 0.08593699999999993
0 0.5226565000000001 0.5148440000000001 0.03906299999999996 0.09218800000000005
0 0.5773440000000001 0.6046875 0.06406199999999995 0.22812500000000002
0 0.6296875 0.6031249999999999 0.078125 0.22499999999999998
0 0.6976565 0.60625 0.06406299999999998 0.20000000000000007
0 0.9593755 0.5992185 0.078125 0.310937
