0 0.08135300000000001 0.971951 0.04570400000000001 0.05122000000000004
0 0.0895795 0.980488 0.025594999999999993 0.03414600000000001
0 0.120658 0.9512195 0.043876 0.09268300000000007
0 0.115174 0.697561 0.021938 0.05853599999999992
0 0.155393 0.957317 0.025594000000000006 0.080488
0 0.187386 0.9085369999999999 0.042048 0.11463400000000001
0 0.2221205 0.867073 0.03839100000000001 0.11463400000000001
0 0.24131599999999997 0.8560975 0.021937999999999985 0.09756100000000001
0 0.258684 0.957317 0.020110000000000017 0.080488
0 0.26416799999999996 0.8268295 0.02376600000000001 0.07804900000000004
0 0.2934185 0.8170729999999999 0.031079000000000023 0.048779999999999935
0 0.3537475 0.8963415 0.031078999999999968 0.060975
0 0.387569 0.9073169999999999 0.04753200000000002 0.078048
0 0.417733 0.9073175 0.02376600000000001 0.11219500000000004
0 0.473492 0.7780484999999999 0.021937999999999958 0.07317099999999999
0 0.6508225000000001 0.8182925 0.03656300000000001 0.056097000000000063
0 0.687386 0.7682925 0.01828200000000002 0.05853699999999995
0 0.723035 0.7402439999999999 0.04570399999999997 0.080488
0 0.751371 0.697561 0.07312600000000002 0.13170799999999994
