0 0.0178235 0.495625 0.035647 0.15375
0 0.1763605 0.5078125 0.05065700000000001 0.12312499999999998
0 0.24577849999999998 0.4871875 0.09193299999999999 0.17437499999999995
0 0.3208255 0.4965625 0.10506500000000002 0.10062500000000002
0 0.3212945 0.495 0.05909900000000001 0.04249999999999998
0 0.390713 0.4946875 0.059099999999999986 0.114375
0 0.4967165 0.4915625 0.030956999999999957 0.12812500000000004
0 0.5403375 0.490625 0.09756100000000001 0.13000000000000006
0 0.7030955 0.4675 0.07410899999999998 0.14875
0 0.7406189999999999 0.488125 0.05159400000000003 0.15249999999999997
0 0.8621015000000001 0.4965625 0.12007500000000004 0.20687499999999998
