0 0.3125 0.4811145 0.09875 0.34655299999999994
0 0.39875 0.4839475 0.08499999999999996 0.352219
0 0.45499999999999996 0.45609049999999995 0.044999999999999984 0.27950899999999995
0 0.4665625 0.463645 0.044375 0.294618
0 0.45499999999999996 0.335694 0.013749999999999984 0.034938000000000025
0 0.48 0.47261600000000004 0.058750000000000024 0.342776
0 0.52875 0.5391874999999999 0.13875000000000004 0.483475
0 0.7365625 0.3474975 0.19062500000000004 0.07554299999999997
0 0.8440624999999999 0.352219 0.016875000000000084 0.073654
0 0.8721875 0.348442 0.016874999999999973 0.073654
0 0.9646875 0.2785645 0.06937499999999996 0.06987699999999997
