0 0.0103125 0.450782 0.020625 0.14535399999999998
0 0.0365625 0.424563 0.039375 0.07267799999999996
0 0.094375 0.42272299999999996 0.05499999999999999 0.05795800000000001
0 0.150625 0.4388225 0.04000000000000001 0.08647700000000003
0 0.2009375 0.6761729999999999 0.12062499999999998 0.48022
0 0.181875 0.451702 0.05875 0.08279599999999998
0 0.1703125 0.4415825 0.018125000000000002 0.08831699999999998
0 0.23531249999999998 0.46136150000000004 0.029375000000000012 0.08003700000000002
0 0.2375 0.4425025 0.01125000000000001 0.025759000000000032
0 0.275625 0.44618250000000004 0.048750000000000016 0.068077
0 0.27156250000000004 0.49816 0.03812500000000002 0.09659600000000002
0 0.3178125 0.5818765 0.06937499999999996 0.27138899999999994
0 0.306875 0.447102 0.013749999999999984 0.05151799999999995
0 0.36375 0.480221 0.036250000000000004 0.10487599999999997
0 0.38625 0.575437 0.04999999999999999 0.19779199999999997
0 0.3809375 0.45170200000000005 0.026874999999999982 0.06439800000000001
0 0.39656250000000004 0.467801 0.029374999999999984 0.05427799999999999
0 0.3921875 0.4310025 0.013124999999999998 0.030359000000000025
0 0.43125 0.575897 0.05249999999999999 0.24286999999999997
0 0.4459375 0.646274 0.06562499999999999 0.3339460000000001
0 0.436875 0.47470100000000004 0.04625000000000001 0.07175800000000004
0 0.435 0.438822 0.016249999999999987 0.049678
0 0.485625 0.678933 0.06 0.29070799999999997
0 0.46968750000000004 0.4618215 0.021875000000000033 0.05335699999999999
0 0.5003125 0.49816000000000005 0.03937499999999999 0.09107599999999999
0 0.5003124999999999 0.458142 0.02937500000000004 0.053358000000000017
0 0.52 0.654094 0.05624999999999997 0.298068
0 0.53375 0.4590615 0.039999999999999925 0.06623699999999999
0 0.533125 0.454922 0.010000000000000009 0.03955799999999998
0 0.5509375000000001 0.5432385 0.03312499999999996 0.11683499999999997
0 0.5578125 0.5133395 0.01937500000000003 0.15639299999999995
0 0.5765625 0.518859 0.02562500000000001 0.15271399999999996
0 0.6040625 0.4825205 0.02937500000000004 0.08003699999999997
0 0.618125 0.6370745 0.05500000000000005 0.335787
0 0.6481250000000001 0.5101195 0.04375000000000007 0.10395499999999996
0 0.6768749999999999 0.673413 0.09875 0.362466
0 0.6821875 0.4613615 0.024374999999999925 0.04139900000000002
0 0.7140625 0.6545535 0.06812499999999999 0.33026700000000003
0 0.7418750000000001 0.520239 0.03375000000000006 0.08739600000000003
0 0.7409375 0.4618215 0.026874999999999982 0.029438999999999993
0 0.755625 0.645354 0.05125000000000002 0.337626
0 0.7559374999999999 0.4636615 0.020625000000000004 0.029438999999999993
0 0.7859375 0.49586050000000004 0.026874999999999982 0.068077
0 0.7859375 0.5827965 0.026874999999999982 0.186753
0 0.836875 0.6315545 0.053749999999999964 0.26954900000000004
0 0.8890625000000001 0.6412145 0.09187500000000004 0.37534500000000004
